subclass run output on part2 model
y_pred:  [1, 1, 0, 0, 0, 1, 0, 1, 0, 1, 0, 1, 1, 1, 3, 3, 1, 0, 3, 1, 0, 0, 0, 0, 1, 1, 1, 1, 1, 3, 1, 1, 1, 1, 1, 1, 1, 1, 1, 1, 1, 1, 1, 3, 1, 1, 1, 1, 1, 1, 2, 0, 2, 2, 3, 2, 2, 0, 2, 2, 2, 2, 1, 2, 2, 2, 2, 2, 2, 2, 0, 0, 0, 2, 2, 0, 2, 1, 3, 3, 0, 1, 1, 1, 3, 3, 0, 2, 3, 3, 3, 3, 0, 1, 1, 3, 3, 0, 0, 1, 3, 3, 3, 3, 3, 3, 3, 2, 0, 0, 3, 0, 3, 3, 3, 3, 0, 1, 3, 3, 3, 3, 1, 1]
y_true:  [0, 0, 0, 0, 0, 0, 0, 0, 0, 0, 0, 0, 0, 0, 0, 0, 0, 0, 0, 0, 0, 0, 0, 0, 0, 1, 1, 1, 1, 1, 1, 1, 1, 1, 1, 1, 1, 1, 1, 1, 1, 1, 1, 1, 1, 1, 1, 1, 1, 1, 2, 2, 2, 2, 2, 2, 2, 2, 2, 2, 2, 2, 2, 2, 2, 2, 2, 2, 2, 2, 2, 2, 2, 2, 2, 3, 3, 3, 3, 3, 3, 3, 3, 3, 3, 3, 3, 3, 3, 3, 3, 3, 3, 3, 3, 3, 3, 3, 3, 3, 3, 3, 3, 3, 3, 3, 3, 3, 3, 3, 3, 3, 3, 3, 3, 3, 3, 3, 3, 3, 3, 3, 3, 3]
****************************************
		Confusion Matrix
****************************************
Columns are predictions, rows are labels

[[11 11  0  3]
 [ 0 23  0  2]
 [ 5  1 18  1]
 [10 10  3 26]]

CLASS # 0
Accuracy:  0.77
Precision:  0.42
Recall:  0.44
F1_score:  0.43

CLASS # 1
Accuracy:  0.81
Precision:  0.51
Recall:  0.92
F1_score:  0.66

CLASS # 2
Accuracy:  0.92
Precision:  0.86
Recall:  0.72
F1_score:  0.78

CLASS # 3
Accuracy:  0.77
Precision:  0.81
Recall:  0.53
F1_score:  0.64


Total (all classes together):
Accuracy:  0.6290322580645161
Precision:  0.6290322580645161
Recall:  0.6290322580645161
F1_score:  0.6290322580645161